0 -52.4881859 4.73799658 23.6028023 -0.173961312 0.0981218517 -0.145213261 -0.96903187
1 -52.4931755 4.61839342 23.624218 -0.133422583 0.0913502946 -0.144784838 -0.976161361
2 -52.4987183 4.49526024 23.6479683 -0.0926622525 0.0840568319 -0.144357041 -0.981585026
3 -52.5046196 4.36991835 23.6741085 -0.0520025492 0.0758898109 -0.138760075 -0.986043692
4 -52.5007019 4.23627234 23.7035999 -0.167453885 0.0823305845 -0.124451779 -0.974521756
5 -52.5003128 4.11138916 23.7377396 -0.251483887 0.0961153656 -0.138249174 -0.953102767
6 -52.5083618 4.76232338 23.6094017 -0.205183655 0.093703486 -0.14429982 -0.963481724
7 -52.5124321 4.63675976 23.6237888 -0.154746339 0.0870343968 -0.14519693 -0.973342896
8 -52.5172234 4.51041698 23.6434727 -0.105498388 0.0821606517 -0.164263904 -0.977311194
9 -52.5230064 4.3833499 23.6687851 -0.0609548986 0.0760446191 -0.180210069 -0.978788078
10 -52.5161667 4.24861479 23.699131 -0.157256156 0.0770666152 -0.181194752 -0.967729151
11 -52.5124855 4.12094069 23.7325573 -0.227687597 0.0819811076 -0.199418843 -0.949562907
