case 0 0 0
case 1 0 0
case 2 0 0
manifold 3 2 0.110249594 0.552646458 0.82609129 -0.00909091998:408:65537 0.185727522:408:0
manifold 3 1 0.183266088 0.0841760412 0.979452908 0.01083495:412:0
manifold 3 1 0.0615014955 0.308288217 0.949302912 -0.00624131877:413:0
case 3 1 4
manifold 4 2 0.110249594 0.552646458 0.826091409 0.0135924025:408:65537 0.163566321:408:0
case 4 1 2
case 5 0 0
case 6 0 0
case 7 0 0
case 8 0 0
manifold 9 2 0.110249594 0.552645802 0.826091766 0.00171751808:408:65537 0.15333043:408:0
manifold 9 1 0.193107426 0.384842515 0.902555108 0.00924904179:412:0
manifold 9 1 0.112315074 0.562999249 0.818790078 0.000900308602:413:0
case 9 1 4
manifold 10 2 0.110249504 0.55264622 0.826091588 0.0115659637:408:65537 0.134378299:408:0
case 10 1 2
case 11 0 0
