0 0 0 0 0 0.248966232 0 0 0.968512237 0 0 0 0 0 -5 0
1 0 0 0 0 0.24875015 -0.0103702154 -0.0403415412 0.967671633 0 0 0 -8.31455012e-08 0 -5.00000095 0
2 0 0 0 0 0.248102337 -0.0207224339 -0.0806130692 0.965151548 0 0 0 -1.7829835e-07 -2.38418579e-07 -5.00000095 0
3 0 0 0 0 0.247284219 -0.0310625732 -0.0966828614 0.963606834 0 0 0 -0.200003266 -1.1889298 -0.309921056 0
4 0 0 0 0 0.246542588 -0.0414076634 -0.0966626033 0.963409901 0 0 0 -0.200012937 -1.18897223 -0.309751898 0
5 0 0 0 0 0.245774388 -0.0517482944 -0.0966322571 0.963109136 0 0 0 -0.200012982 -1.18897271 -0.309751898 0
6 0 0 0 0 0.244979769 -0.0620833635 -0.096591644 0.962704837 0 0 0 -0.200012937 -1.18897271 -0.309751779 0
7 0 0 0 0 0.244158775 -0.0724117532 -0.0965406671 0.962197006 0 0 0 -0.200012937 -1.18897271 -0.309751719 0
8 0 0 0 0 0.24331148 -0.0827323422 -0.0964793041 0.961585462 0 0 0 -0.200012997 -1.18897307 -0.309751719 0
9 0 0 0 0 0.242438048 -0.0930440426 -0.0964075774 0.960870564 0 0 0 -0.200013056 -1.18897307 -0.309751779 0
10 0 0 0 0 0.241538525 -0.103345729 -0.0963254645 0.960052252 0 0 0 -0.200013101 -1.18897307 -0.309751838 0
11 0 0 0 0 0.240612984 -0.113636278 -0.0962329805 0.959130526 0 0 0 -0.200013176 -1.18897307 -0.309751838 0
12 0 0 0 0 0.239661574 -0.123914614 -0.0961301625 0.958105683 0 0 0 -0.200013191 -1.18897307 -0.309751779 0
13 0 0 0 0 0.238684371 -0.134179622 -0.0960169882 0.956977785 0 0 0 -0.20001322 -1.18897307 -0.309751779 0
14 0 0 0 0 0.237681463 -0.144430175 -0.0958934724 0.95574677 0 0 0 -0.200013384 -1.18897343 -0.309751719 0
15 0 0 0 0 0.236653 -0.154665202 -0.0957596451 0.954412997 0 0 0 -0.200013444 -1.18897367 -0.309751719 0
16 0 0 0 0 0.235599071 -0.164883599 -0.0956155136 0.952976525 0 0 0 -0.200013533 -1.18897367 -0.30975166 0
17 0 0 0 0 0.23451978 -0.175084248 -0.0954610929 0.951437473 0 0 0 -0.200013667 -1.18897367 -0.30975166 0
18 0 0 0 0 0.233415216 -0.185266033 -0.0952963829 0.949795961 0 0 0 -0.200013787 -1.18897378 -0.30975154 0
19 0 0 0 0 0.232285574 -0.195427909 -0.0951214358 0.948052347 0 0 0 -0.200013787 -1.18897367 -0.309751719 0
20 0 0 0 0 0.231130943 -0.205568761 -0.0949362516 0.946206748 0 0 0 -0.200013801 -1.18897378 -0.309751719 0
21 0 0 0 0 0.229951397 -0.215687439 -0.0947408378 0.944259226 0 0 0 -0.200013995 -1.1889739 -0.309751898 0
22 0 0 0 0 0.228747129 -0.225782961 -0.0945352465 0.942210138 0 0 0 -0.200014174 -1.18897402 -0.309751838 0
23 0 0 0 0 0.22751826 -0.235854164 -0.0943194851 0.940059662 0 0 0 -0.200014263 -1.18897402 -0.309751898 0
24 0 0 0 0 0.226264909 -0.24589999 -0.0940935686 0.937808037 0 0 0 -0.200014383 -1.18897402 -0.309751898 0
25 0 0 0 0 0.224987164 -0.255919337 -0.0938575119 0.935455382 0 0 0 -0.200014576 -1.18897402 -0.309751779 0
26 0 0 0 0 0.22368525 -0.265911162 -0.093611367 0.933002174 0 0 0 -0.200014547 -1.18897402 -0.309751779 0
27 0 0 0 0 0.222359285 -0.275874406 -0.0933551565 0.930448651 0 0 0 -0.200014576 -1.18897414 -0.30975166 0
28 0 0 0 0 0.221009329 -0.285807908 -0.0930888802 0.927794814 0 0 0 -0.200014919 -1.18897414 -0.30975166 0
29 0 0 0 0 0.219635621 -0.295710683 -0.0928125903 0.925041258 0 0 0 -0.200015038 -1.18897426 -0.30975166 0
30 0 0 0 0 0.218238249 -0.305581629 -0.0925263017 0.922188044 0 0 0 -0.200015306 -1.18897426 -0.3097516 0
31 0 0 0 0 0.216817424 -0.315419734 -0.0922300667 0.919235706 0 0 0 -0.200015336 -1.18897426 -0.30975154 0
32 0 0 0 0 0.215373233 -0.325223833 -0.0919238999 0.916184366 0 0 0 -0.200015604 -1.18897426 -0.30975166 0
33 0 0 0 0 0.213905901 -0.334992975 -0.0916078538 0.913034558 0 0 0 -0.20001559 -1.18897438 -0.309751719 0
34 0 0 0 0 0.212415546 -0.344726086 -0.0912819505 0.909786403 0 0 0 -0.200015947 -1.18897474 -0.309751719 0
35 0 0 0 0 0.210902303 -0.354422063 -0.090946205 0.906440258 0 0 0 -0.20001629 -1.18897474 -0.309751719 0
36 0 0 0 0 0.209366411 -0.364079952 -0.0906006917 0.902996778 0 0 0 -0.200016215 -1.18897462 -0.3097516 0
37 0 0 0 0 0.207807943 -0.373698622 -0.0902454108 0.899455905 0 0 0 -0.200016692 -1.18897474 -0.30975166 0
38 0 0 0 0 0.206227124 -0.383277088 -0.0898804292 0.895818412 0 0 0 -0.200016767 -1.18897474 -0.30975166 0
39 0 0 0 0 0.204624116 -0.392814308 -0.0895057693 0.892084479 0 0 0 -0.200016975 -1.18897474 -0.309751719 0
40 0 0 0 0 0.202999085 -0.402309269 -0.0891214833 0.888254523 0 0 0 -0.200017273 -1.18897474 -0.309751719 0
41 0 0 0 0 0.201352224 -0.411760896 -0.0887276083 0.884329021 0 0 0 -0.200017601 -1.18897474 -0.309751719 0
42 0 0 0 0 0.199683696 -0.421168238 -0.0883241817 0.88030833 0 0 0 -0.200018167 -1.18897486 -0.309751719 0
43 0 0 0 0 0.197993636 -0.43053022 -0.0879112408 0.876192808 0 0 0 -0.200018674 -1.18897521 -0.309751838 0
44 0 0 0 0 0.196282297 -0.43984592 -0.087488845 0.871983171 0 0 0 -0.200018734 -1.18897521 -0.309751898 0
45 0 0 0 0 0.194549799 -0.449114233 -0.0870570317 0.867679536 0 0 0 -0.200019121 -1.18897521 -0.309751958 0
46 0 0 0 0 0.192796409 -0.458334327 -0.0866158605 0.86328274 0 0 0 -0.200019076 -1.1889751 -0.309751898 0
47 0 0 0 0 0.191022217 -0.467505008 -0.0861653537 0.858792841 0 0 0 -0.200019643 -1.1889751 -0.309751958 0
48 0 0 0 0 0.189227507 -0.476625443 -0.0857055783 0.854210615 0 0 0 -0.200019896 -1.1889751 -0.309751898 0
49 0 0 0 0 0.187412411 -0.485694498 -0.0852365792 0.849536419 0 0 0 -0.200020164 -1.18897521 -0.309752196 0
50 0 0 0 0 0.185577154 -0.494711369 -0.0847584158 0.844770908 0 0 0 -0.200020075 -1.18897521 -0.309752256 0
51 0 0 0 0 0.18372193 -0.503674984 -0.0842711255 0.839914441 0 0 0 -0.200020671 -1.18897521 -0.309752375 0
52 0 0 0 0 0.181846917 -0.512584388 -0.0837747529 0.834967494 0 0 0 -0.200021207 -1.18897533 -0.309752494 0
53 0 0 0 0 0.179952338 -0.521438718 -0.0832693726 0.829930842 0 0 0 -0.200021341 -1.18897533 -0.309752494 0
54 0 0 0 0 0.178038403 -0.53023684 -0.0827550292 0.824804723 0 0 0 -0.200022012 -1.18897533 -0.309752613 0
55 0 0 0 0 0.17610532 -0.538977921 -0.0822317824 0.819589972 0 0 0 -0.200022072 -1.18897533 -0.309752554 0
56 0 0 0 0 0.174153253 -0.547660947 -0.0816996768 0.814286947 0 0 0 -0.200022429 -1.18897533 -0.309752673 0
57 0 0 0 0 0.172182456 -0.556285083 -0.0811587796 0.808896303 0 0 0 -0.200022221 -1.18897521 -0.309752733 0
58 0 0 0 0 0.170193151 -0.564849436 -0.0806091651 0.803418815 0 0 0 -0.200022101 -1.18897498 -0.309752673 0
59 0 0 0 0 0.168185502 -0.573352933 -0.0800508559 0.797854602 0 0 0 -0.200022861 -1.18897521 -0.309753031 0
60 0 0 0 0 0.166159749 -0.581794679 -0.0794839412 0.792204559 0 0 0 -0.200023204 -1.18897521 -0.30975315 0
61 0 0 0 0 0.164116129 -0.5901739 -0.0789084807 0.78646946 0 0 0 -0.20002301 -1.18897521 -0.309753031 0
62 0 0 0 0 0.162054822 -0.598489583 -0.0783245191 0.780649543 0 0 0 -0.200023338 -1.18897521 -0.30975315 0
63 0 0 0 0 0.159976095 -0.606740832 -0.0777321383 0.774745762 0 0 0 -0.200023457 -1.18897521 -0.30975315 0
64 0 0 0 0 0.157880142 -0.614926815 -0.0771313831 0.768758416 0 0 0 -0.200023919 -1.18897521 -0.309753209 0
65 0 0 0 0 0.155767202 -0.623046637 -0.076522328 0.762688518 0 0 0 -0.200023755 -1.18897521 -0.30975315 0
66 0 0 0 0 0.153637499 -0.631099463 -0.0759050399 0.756536543 0 0 0 -0.200023651 -1.18897521 -0.30975309 0
67 0 0 0 0 0.151491255 -0.63908428 -0.0752795711 0.75030303 0 0 0 -0.200024277 -1.18897521 -0.309753329 0
68 0 0 0 0 0.149328724 -0.647000432 -0.0746460184 0.743988872 0 0 0 -0.200024411 -1.18897521 -0.309753329 0
69 0 0 0 0 0.147150114 -0.654846847 -0.0740044191 0.737594664 0 0 0 -0.200024903 -1.18897533 -0.309753448 0
70 0 0 0 0 0.14495568 -0.662622809 -0.0733548626 0.731121123 0 0 0 -0.200025573 -1.18897533 -0.309753805 0
71 0 0 0 0 0.142745629 -0.670327425 -0.0726974085 0.724568844 0 0 0 -0.200026318 -1.18897545 -0.309754163 0
72 0 0 0 0 0.140520215 -0.677959979 -0.0720321313 0.717938602 0 0 0 -0.200026646 -1.18897545 -0.309754461 0
73 0 0 0 0 0.138279662 -0.685519516 -0.0713590905 0.711231053 0 0 0 -0.200027108 -1.18897545 -0.30975464 0
74 0 0 0 0 0.136024237 -0.693005383 -0.0706783757 0.704447031 0 0 0 -0.200027302 -1.18897545 -0.30975464 0
75 0 0 0 0 0.133754164 -0.700416565 -0.0699900463 0.697587192 0 0 0 -0.200027838 -1.18897545 -0.309754878 0
76 0 0 0 0 0.131469697 -0.707752466 -0.0692941993 0.690652311 0 0 0 -0.200028136 -1.18897545 -0.309754878 0
77 0 0 0 0 0.129171073 -0.715012133 -0.0685908794 0.683643043 0 0 0 -0.200028747 -1.18897545 -0.309755117 0
78 0 0 0 0 0.126858547 -0.72219491 -0.0678801835 0.676560223 0 0 0 -0.200029001 -1.18897545 -0.309755176 0
79 0 0 0 0 0.124532379 -0.729300022 -0.0671621785 0.669404626 0 0 0 -0.200029388 -1.18897545 -0.309755415 0
80 0 0 0 0 0.122192793 -0.736326575 -0.0664369464 0.662176967 0 0 0 -0.200030148 -1.18897545 -0.309755653 0
81 0 0 0 0 0.119840041 -0.743273914 -0.0657045618 0.65487802 0 0 0 -0.200030699 -1.18897545 -0.309755951 0
82 0 0 0 0 0.117474392 -0.750141203 -0.0649650991 0.647508562 0 0 0 -0.200031191 -1.18897545 -0.309756249 0
83 0 0 0 0 0.115096129 -0.756927967 -0.0642186627 0.640069604 0 0 0 -0.200030982 -1.18897545 -0.30975619 0
84 0 0 0 0 0.112705447 -0.763633013 -0.0634653047 0.632561624 0 0 0 -0.200031757 -1.18897545 -0.309756666 0
85 0 0 0 0 0.110302657 -0.770256042 -0.0627051145 0.624985635 0 0 0 -0.200031757 -1.18897545 -0.309756666 0
86 0 0 0 0 0.107887991 -0.776796162 -0.0619381852 0.617342353 0 0 0 -0.2000321 -1.18897545 -0.309756845 0
87 0 0 0 0 0.105461702 -0.783252656 -0.061164584 0.609632671 0 0 0 -0.200032175 -1.18897545 -0.309756786 0
88 0 0 0 0 0.103024073 -0.789624989 -0.0603844002 0.601857364 0 0 0 -0.200032428 -1.18897545 -0.309756905 0
89 0 0 0 0 0.100575335 -0.795912147 -0.059597712 0.594017267 0 0 0 -0.200033411 -1.18897545 -0.309757441 0
90 0 0 0 0 0.0981158018 -0.802113891 -0.0588046238 0.586113334 0 0 0 -0.200033471 -1.18897545 -0.309757441 0
91 0 0 0 0 0.0956456736 -0.808229089 -0.0580051839 0.578146219 0 0 0 -0.20003444 -1.18897557 -0.309758097 0
92 0 0 0 0 0.0931652635 -0.814257443 -0.0571995117 0.570116997 0 0 0 -0.200034648 -1.18897557 -0.309758335 0
93 0 0 0 0 0.0906748176 -0.820198059 -0.0563876703 0.562026322 0 0 0 -0.200035214 -1.18897557 -0.309758753 0
94 0 0 0 0 0.0881746188 -0.82605052 -0.0555697717 0.553875208 0 0 0 -0.20003517 -1.18897557 -0.309758812 0
95 0 0 0 0 0.0856649354 -0.83181411 -0.0547458939 0.545664489 0 0 0 -0.2000352 -1.18897557 -0.309758812 0
96 0 0 0 0 0.0831460208 -0.837488055 -0.053916119 0.53739506 0 0 0 -0.200035423 -1.18897557 -0.309758931 0
97 0 0 0 0 0.0806181654 -0.843072057 -0.0530805476 0.529067814 0 0 0 -0.200035274 -1.18897557 -0.309758931 0
98 0 0 0 0 0.0780816227 -0.848565221 -0.0522392541 0.520683587 0 0 0 -0.200035766 -1.18897557 -0.309759468 0
99 0 0 0 0 0.0755366907 -0.85396713 -0.0513923466 0.51224333 0 0 0 -0.200035959 -1.18897557 -0.309759706 0
100 0 0 0 0 0.0729836076 -0.85927707 -0.0505398996 0.50374794 0 0 0 -0.200036436 -1.18897557 -0.309760123 0
101 0 0 0 0 0.0704226717 -0.864494622 -0.0496820249 0.495198429 0 0 0 -0.200036585 -1.18897557 -0.309760123 0
102 0 0 0 0 0.0678541511 -0.869619012 -0.0488187894 0.486595541 0 0 0 -0.200037077 -1.18897557 -0.309760422 0
103 0 0 0 0 0.065278329 -0.874650002 -0.047950305 0.477940351 0 0 0 -0.200037017 -1.18897557 -0.309760243 0
104 0 0 0 0 0.0626954809 -0.879586697 -0.0470766537 0.469233662 0 0 0 -0.200037614 -1.18897557 -0.309760779 0
105 0 0 0 0 0.06010589 -0.884428918 -0.0461979434 0.460476547 0 0 0 -0.200037435 -1.18897533 -0.309760779 0
106 0 0 0 0 0.0575098209 -0.889175773 -0.0453142561 0.451669812 0 0 0 -0.200038001 -1.18897533 -0.309761316 0
107 0 0 0 0 0.0549075678 -0.893827081 -0.0444256999 0.442814529 0 0 0 -0.200037792 -1.18897533 -0.309761137 0
108 0 0 0 0 0.0522994027 -0.898382068 -0.0435323566 0.433911532 0 0 0 -0.200037986 -1.18897533 -0.309761196 0
109 0 0 0 0 0.0496856198 -0.902840614 -0.0426343381 0.424961954 0 0 0 -0.200037748 -1.18897533 -0.309761077 0
110 0 0 0 0 0.0470664725 -0.907201767 -0.0417317227 0.415966541 0 0 0 -0.200038508 -1.18897533 -0.309761852 0
111 0 0 0 0 0.0444422662 -0.911465406 -0.0408246182 0.406926423 0 0 0 -0.200038657 -1.18897533 -0.309761971 0
112 0 0 0 0 0.0418132693 -0.915630937 -0.0399131179 0.397842526 0 0 0 -0.200039163 -1.18897533 -0.309762567 0
113 0 0 0 0 0.0391797647 -0.919697821 -0.0389973186 0.388715744 0 0 0 -0.200039774 -1.18897533 -0.309763402 0
114 0 0 0 0 0.0365420505 -0.923665941 -0.0380773284 0.379547268 0 0 0 -0.200039476 -1.18897533 -0.309763163 0
115 0 0 0 0 0.033900395 -0.92753458 -0.0371532328 0.370337874 0 0 0 -0.200040042 -1.18897533 -0.3097637 0
116 0 0 0 0 0.0312550813 -0.931303382 -0.0362251401 0.361088634 0 0 0 -0.200040728 -1.18897533 -0.309764355 0
117 0 0 0 0 0.0286063943 -0.934971929 -0.0352931395 0.351800501 0 0 0 -0.200041309 -1.18897533 -0.309764773 0
118 0 0 0 0 0.0259546284 -0.938539982 -0.0343573466 0.34247452 0 0 0 -0.200041622 -1.18897533 -0.30976519 0
119 0 0 0 0 0.0233000629 -0.942006886 -0.0334178507 0.333111674 0 0 0 -0.200042352 -1.18897533 -0.309766024 0
120 0 0 0 0 0.0206429847 -0.945372522 -0.0324747562 0.323713005 0 0 0 -0.200042665 -1.18897533 -0.309766382 0
