0 -1 0.0800000057 -1 0 0 0 1
1 -1 0.0800000057 -1 0 0.382683426 0 0.923879504
2 -1 0.0800000057 -1 0 0.707106769 0 0.707106769
3 -1 0.0800000057 -1 0 0.923879504 0 0.382683426
4 -1 0.0800000057 -1 0 1 0 6.12323426e-17
5 -1 0.0800000057 0 0 0 0 1
6 -1 0.0800000057 0 0 0.382683426 0 0.923879504
7 -1 0.0800000057 0 0 0.707106769 0 0.707106769
8 -1 0.0800000057 0 0 0.923879504 0 0.382683426
9 -1 0.0800000057 0 0 1 0 6.12323426e-17
10 -1 0.0800000057 1 0 0 0 1
11 -1 0.0800000057 1 0 0.382683426 0 0.923879504
12 -1 0.0800000057 1 0 0.707106769 0 0.707106769
13 -1 0.0800000057 1 0 0.923879504 0 0.382683426
14 -1 0.0800000057 1 0 1 0 6.12323426e-17
15 0 0.0800000057 -1 0 0 0 1
16 0 0.0800000057 -1 0 0.382683426 0 0.923879504
17 0 0.0800000057 -1 0 0.707106769 0 0.707106769
18 0 0.0800000057 -1 0 0.923879504 0 0.382683426
19 0 0.0800000057 -1 0 1 0 6.12323426e-17
20 0 0.0800000057 0 0 0 0 1
21 0 0.0800000057 0 0 0.382683426 0 0.923879504
22 0 0.0800000057 0 0 0.707106769 0 0.707106769
23 0 0.0800000057 0 0 0.923879504 0 0.382683426
24 0 0.0800000057 0 0 1 0 6.12323426e-17
25 0 0.0800000057 1 0 0 0 1
26 0 0.0800000057 1 0 0.382683426 0 0.923879504
27 0 0.0800000057 1 0 0.707106769 0 0.707106769
28 0 0.0800000057 1 0 0.923879504 0 0.382683426
29 0 0.0800000057 1 0 1 0 6.12323426e-17
30 1 0.0800000057 -1 0 0 0 1
31 1 0.0800000057 -1 0 0.382683426 0 0.923879504
32 1 0.0800000057 -1 0 0.707106769 0 0.707106769
33 1 0.0800000057 -1 0 0.923879504 0 0.382683426
34 1 0.0800000057 -1 0 1 0 6.12323426e-17
35 1 0.0800000057 0 0 0 0 1
36 1 0.0800000057 0 0 0.382683426 0 0.923879504
37 1 0.0800000057 0 0 0.707106769 0 0.707106769
38 1 0.0800000057 0 0 0.923879504 0 0.382683426
39 1 0.0800000057 0 0 1 0 6.12323426e-17
40 1 0.0800000057 1 0 0 0 1
41 1 0.0800000057 1 0 0.382683426 0 0.923879504
42 1 0.0800000057 1 0 0.707106769 0 0.707106769
43 1 0.0800000057 1 0 0.923879504 0 0.382683426
44 1 0.0800000057 1 0 1 0 6.12323426e-17
