case 0 0 0
case 1 0 0
case 2 0 0
manifold 3 2 0.110249594 0.552646458 0.82609129 -0.00909096003:476:65537 0.185727477:476:0
manifold 3 1 0.183266118 0.0841760114 0.979452908 0.0108349919:474:3
manifold 3 1 0.0615015104 0.308288246 0.949302793 -0.00624126196:475:3
case 3 1 4
manifold 4 2 0.110249594 0.552646458 0.826091409 0.0135925412:476:65537 0.163566411:476:0
case 4 1 2
case 5 0 0
case 6 0 0
case 7 0 0
case 8 0 0
manifold 9 2 0.110249594 0.552645802 0.826091766 0.00171762705:476:65537 0.153330326:476:0
manifold 9 1 0.193107426 0.384842575 0.902555108 0.00924909115:474:3
manifold 9 1 0.112315007 0.562999189 0.818790138 0.00090020895:475:3
case 9 1 4
manifold 10 2 0.110249504 0.55264622 0.826091588 0.0115659237:476:65537 0.134378195:476:0
case 10 1 2
case 11 0 0
